((AB)(CD)):
[[2, 3, 1, 4, 5, 1, 0, 0, 0, 0, 0, 0], [2, 3, 1, 4, 5, 1, 2, 3, 1, 4, 5, 1], [3, 4, 2, 5, 6, 2, 9, 10, 2, 11, 12, 2]]

(((AB)C)D):
[[2, 3, 1, 4, 5, 1, 0, 0, 0, 0, 0, 0], [3, 4, 2, 5, 6, 2, 8, 9, 1, 0, 0, 0], [4, 5, 3, 6, 7, 3, 9, 10, 2, 12, 13, 1]]

(((AB)D)C):
[[2, 3, 1, 4, 5, 1, 0, 0, 0, 0, 0, 0], [3, 4, 2, 5, 6, 2, 0, 0, 0, 8, 9, 1], [4, 5, 3, 6, 7, 3, 12, 13, 1, 9, 10, 2]]

((AC)(BD)):
[[2, 3, 1, 0, 0, 0, 4, 5, 1, 0, 0, 0], [2, 3, 1, 2, 3, 1, 4, 5, 1, 4, 5, 1], [3, 4, 2, 9, 10, 2, 5, 6, 2, 11, 12, 2]]

(((AC)B)D):
[[2, 3, 1, 0, 0, 0, 4, 5, 1, 0, 0, 0], [3, 4, 2, 8, 9, 1, 5, 6, 2, 0, 0, 0], [4, 5, 3, 9, 10, 2, 6, 7, 3, 12, 13, 1]]

(((AC)D)B):
[[2, 3, 1, 0, 0, 0, 4, 5, 1, 0, 0, 0], [3, 4, 2, 0, 0, 0, 5, 6, 2, 8, 9, 1], [4, 5, 3, 12, 13, 1, 6, 7, 3, 9, 10, 2]]

((AD)(BC)):
[[2, 3, 1, 0, 0, 0, 0, 0, 0, 4, 5, 1], [2, 3, 1, 2, 3, 1, 4, 5, 1, 4, 5, 1], [3, 4, 2, 9, 10, 2, 11, 12, 2, 5, 6, 2]]

(((AD)B)C):
[[2, 3, 1, 0, 0, 0, 0, 0, 0, 4, 5, 1], [3, 4, 2, 8, 9, 1, 0, 0, 0, 5, 6, 2], [4, 5, 3, 9, 10, 2, 12, 13, 1, 6, 7, 3]]

(((AD)C)B):
[[2, 3, 1, 0, 0, 0, 0, 0, 0, 4, 5, 1], [3, 4, 2, 0, 0, 0, 8, 9, 1, 5, 6, 2], [4, 5, 3, 12, 13, 1, 9, 10, 2, 6, 7, 3]]

(((BC)A)D):
[[0, 0, 0, 2, 3, 1, 4, 5, 1, 0, 0, 0], [8, 9, 1, 3, 4, 2, 5, 6, 2, 0, 0, 0], [9, 10, 2, 4, 5, 3, 6, 7, 3, 12, 13, 1]]

(((BC)D)A):
[[0, 0, 0, 2, 3, 1, 4, 5, 1, 0, 0, 0], [0, 0, 0, 3, 4, 2, 5, 6, 2, 8, 9, 1], [12, 13, 1, 4, 5, 3, 6, 7, 3, 9, 10, 2]]

(((BD)A)C):
[[0, 0, 0, 2, 3, 1, 0, 0, 0, 4, 5, 1], [8, 9, 1, 3, 4, 2, 0, 0, 0, 5, 6, 2], [9, 10, 2, 4, 5, 3, 12, 13, 1, 6, 7, 3]]

(((BD)C)A):
[[0, 0, 0, 2, 3, 1, 0, 0, 0, 4, 5, 1], [0, 0, 0, 3, 4, 2, 8, 9, 1, 5, 6, 2], [12, 13, 1, 4, 5, 3, 9, 10, 2, 6, 7, 3]]

(((CD)B)A):
[[0, 0, 0, 0, 0, 0, 2, 3, 1, 4, 5, 1], [0, 0, 0, 8, 9, 1, 3, 4, 2, 5, 6, 2], [12, 13, 1, 9, 10, 2, 4, 5, 3, 6, 7, 3]]

(((CD)A)B):
[[0, 0, 0, 0, 0, 0, 2, 3, 1, 4, 5, 1], [8, 9, 1, 0, 0, 0, 3, 4, 2, 5, 6, 2], [9, 10, 2, 12, 13, 1, 4, 5, 3, 6, 7, 3]]

